0 142.92221069335938 169.32579040527344 0.3596408460374727 0.10806256684241985 0.99 0.9959349593495935
0 19.54977798461914 180.11457061767578 0.4863763336741288 0.11316448763353489 1.0 1.0
0 25.319717407226562 93.27421569824219 0.5477518145223053 0.10070715551300967 1.0 1.0
0 101.16958618164062 49.085723876953125 0.8944991396864814 0.10301600663180253 1.0 1.0
0 144.40399169921875 106.15304565429688 0.5085862044964109 0.11307251629044851 0.9595959595959596 1.0
0 220.96839904785156 183.5359649658203 0.6106974334245443 0.11315244373329843 1.0 1.0
0 193.0872344970703 124.53181457519531 0.1841280774913696 0.11314608122235909 1.0 1.0
0 129.4741668701172 121.46832275390625 0.5327259144070146 0.11186195632925268 1.0 1.0
0 89.36785888671875 128.88136291503906 0.5226174691921981 0.11305657349056084 1.0 1.0
0 42.14261245727539 176.2325668334961 0.4156428339166841 0.11305983490588953 1.0 1.0
