0 128.32862854003906 198.18706512451172 0.2434389442205429 0.04261253401637077 1.0 1.0
0 68.76020050048828 176.7154083251953 0.08803001244599429 0.05156968533992767 1.0 1.0
0 151.2904052734375 119.68446350097656 0.8494258522987366 3.133369207382202 1.0 1.0
0 238.71160888671875 121.92779541015625 1.5672883987426758 0.05129833146929741 1.0 1.0
0 148.94627380371094 82.15203857421875 0.9372288584709167 0.023200539872050285 1.0 1.0
0 115.38923645019531 161.5071563720703 3.038391726213046 0.05146884173154831 1.0 1.0
0 102.637451171875 77.96939086914062 0.23348011076450348 3.092250108718872 1.0 1.0
0 37.788692474365234 152.64962005615234 2.2994697411828717 1.5167760848999023 1.0 1.0
0 74.31842041015625 193.80333709716797 0.24359308183193207 0.052021902054548264 1.0 1.0
0 18.02495002746582 94.84529113769531 1.6084520816802979 0.05019037425518036 1.0 1.0
