0 141.30758666992188 50.093414306640625 0.1152991437303119 0.8867774918067407 1.0 1.0
0 20.765090942382812 80.79197692871094 0.5217741381462775 0.11315165826154389 1.0 1.0
0 210.84828186035156 183.55955505371094 0.806326968405609 0.11057153058663695 1.0 1.0
0 205.36058044433594 198.77249145507812 0.8237470699088625 0.8933416502951366 1.0 1.0
0 21.22673797607422 177.02223205566406 0.46279318602786224 0.11312045473204815 1.0 1.0
0 43.85732650756836 158.58538818359375 0.4903081932879083 0.11264932061538668 1.0 1.0
0 71.65540313720703 134.8210906982422 0.3938048754943465 0.11244433810065813 1.0 1.0
0 145.06365966796875 200.05320739746094 0.8423227597341417 0.11305528713826715 1.0 1.0
0 172.91732788085938 71.81990051269531 0.856592986187141 0.11317228733011209 1.0 1.0
0 102.94799041748047 139.56298828125 0.23744986170004176 0.11303211856742004 1.0 1.0
