0 217.59825134277344 72.70899963378906 0.685290748972954 0.8845487517514216 1.0 1.0
0 93.52327728271484 77.6287841796875 0.3129527085108966 0.11307843578772919 1.0 1.0
0 184.51779174804688 197.05569076538086 0.7905600382999662 0.7322985393526866 0.9253731343283582 0.6197183098591549
0 62.15579605102539 49.558624267578125 0.11180771229495678 0.8889805896882816 1.0 1.0
0 149.77053833007812 49.07313537597656 0.8990278755987169 0.11326421598451615 1.0 1.0
0 209.99168395996094 198.06842422485352 0.8253644511152225 0.890900513680559 0.8090909090909091 0.7191011235955056
0 47.15592575073242 121.95779418945312 0.388294938618331 0.11294419031686737 1.0 1.0
0 54.651939392089844 165.0763397216797 0.1671505418899366 0.11315145904769308 1.0 1.0
0 50.30543518066406 79.29502868652344 0.18405640603967893 0.11282175253553318 1.0 1.0
0 216.8444366455078 95.62252807617188 0.703342279202947 0.11258560728271647 1.0 1.0
