0 225.37857055664062 82.27264404296875 0.608504131172638 0.11301672882312766 1.0 1.0
0 64.47795867919922 123.56625366210938 0.7140071713298073 0.11155078998613983 1.0 1.0
0 53.505958557128906 204.94943237304688 0.8784964623123553 0.8872695210538064 1.0 1.0
0 138.66468811035156 118.8984375 0.7751492949704407 0.10548060877167909 0.4090909090909091 0.9585062240663901
0 122.377685546875 77.89859008789062 0.4059937275231882 0.8386619794501405 0.9529411764705882 0.9282700421940928
0 47.50443649291992 76.91340637207031 0.7508247829081938 0.11318595814346334 1.0 1.0
0 41.194461822509766 123.00595092773438 0.7007849197739109 0.1130974256108966 1.0 1.0
0 104.03916931152344 192.3641815185547 0.10139731096976638 0.11314414600209426 1.0 1.0
0 196.58297729492188 100.78019714355469 0.5306615883886663 0.892807863422401 1.0 1.0
0 165.17031860351562 178.1094512939453 0.3248431875203958 0.11315524505949552 1.0 1.0
