0 120.18049621582031 206.18051147460938 0.8873327283193823 0.8483154766427221 0.3939393939393939 0.9866071428571429
0 76.72966003417969 158.71090698242188 0.7745511297702282 0.11252518382449647 1.0 1.0
0 78.10633087158203 50.00117492675781 0.11998574253665831 0.11066933794691414 1.0 1.0
0 52.20624923706055 185.6726531982422 0.16843525544349064 0.1106444817501596 1.0 1.0
0 57.18288040161133 206.25919723510742 0.1051725862438096 0.11309687540121345 0.6185567010309279 1.0
0 128.31576538085938 171.15030670166016 0.6291722147939358 0.11156948668035535 0.9292035398230089 1.0
0 228.9268341064453 119.84437561035156 0.41185757343505935 0.11265171307887095 1.0 1.0
0 117.20625305175781 60.81663513183594 0.18639021388244967 0.11319022985760675 1.0 1.0
0 206.15286254882812 166.21074676513672 0.13635062345046453 0.11305401216962209 1.0 1.0
0 186.08265686035156 192.89998245239258 0.20683912432238086 0.8975040586445314 0.75 1.0
