0 118.17794036865234 172.18343353271484 0.11265498492921086 0.8910508802951369 1.0 1.0
0 50.54795455932617 182.50326538085938 0.5977323683420261 0.11310244390266179 1.0 1.0
0 39.730369567871094 74.09986877441406 0.5431640827041948 0.11316565920070502 1.0 1.0
0 90.90446472167969 114.83226013183594 0.3696993691480174 0.1131291774528007 1.0 1.0
0 150.27096557617188 94.81523132324219 0.618105729805907 0.1119346001342627 1.0 1.0
0 163.76596069335938 158.57904815673828 0.7470676628059494 0.17001281664698942 0.9285714285714286 0.7857142857142857
0 146.08033752441406 54.8056640625 0.7333289346070447 0.5170789831359899 1.0 0.9854014598540146
0 191.63999938964844 205.8186264038086 0.8986847206693827 0.11312192132544494 1.0 1.0
0 118.88780975341797 152.4821319580078 0.16455029646201186 0.11313167806094683 0.9108910891089109 0.7747035573122529
0 101.15141296386719 204.99873733520508 0.10023889673108374 0.11315529913182645 1.0 1.0
