0 137.56796264648438 135.63574981689453 0.655101245044875 0.1130800437280963 1.0 1.0
0 29.29060173034668 162.57775115966797 0.3944444240518302 0.11135664185898222 1.0 1.0
0 103.80799865722656 130.9780502319336 0.4463549768362225 0.11291361952850724 1.0 1.0
0 206.30335998535156 136.42555236816406 0.24556405863739428 0.1131632629426712 1.0 1.0
0 154.828369140625 181.30782318115234 0.757898627693198 0.11311770937545676 1.0 1.0
0 113.31822204589844 49.69499206542969 0.8848825117911263 0.11313184786703868 1.0 1.0
0 40.867332458496094 91.08378601074219 0.37669776310999026 0.8868277747746862 1.0 1.0
0 137.93167114257812 206.2558479309082 0.8881075943079725 0.11304236479981244 1.0 1.0
0 50.651954650878906 181.09479522705078 0.3519079709723829 0.11115043560202738 1.0 1.0
0 106.90849304199219 185.7892837524414 0.8602652644615142 0.11316245090906989 1.0 1.0
