0 153.2722930908203 202.54491424560547 0.11119857610338997 0.11316594474055783 1.0 1.0
0 34.52703094482422 76.63406372070312 0.6634199145734114 0.8890773815631888 1.0 1.0
0 178.9894256591797 108.96554565429688 0.652068899082758 0.11315192957183591 1.0 1.0
0 158.41232299804688 161.87403869628906 0.7131956841436171 0.8968051714266274 1.0 1.0
0 215.02992248535156 51.88287353515625 0.8720233245704855 0.1127564407488697 1.0 1.0
0 69.42268371582031 190.42852020263672 0.8692675709133577 0.10551379021012197 1.0 1.0
0 129.18069458007812 102.26214599609375 0.5737916446092421 0.11222007547972246 0.9553571428571429 1.0
0 73.9220199584961 164.99042510986328 0.16788947728894307 0.8920985558661942 1.0 1.0
0 143.2468719482422 79.97850036621094 0.6363647156482904 0.11084599225206006 1.0 1.0
0 94.14178466796875 105.05235290527344 0.7542486423973658 0.11091625213132225 1.0 1.0
