0 54.14573287963867 176.55944061279297 0.11490266124063558 0.11315600681531546 1.0 1.0
0 185.1606903076172 77.56581115722656 0.5744973093978916 0.1083965185068764 1.0 1.0
0 174.07577514648438 95.40914916992188 0.5856221090232342 0.10018421455971824 1.0 1.0
0 171.12075805664062 149.9375762939453 0.5474244815008821 0.8869402148666229 1.0 1.0
0 72.97807312011719 78.88175964355469 0.7511240585250573 0.113192923039142 1.0 1.0
0 142.3214874267578 180.01731872558594 0.6753738839857955 0.11246584465880721 1.0 1.0
0 61.84552764892578 200.54087829589844 0.8417550875340238 0.8868494492416525 1.0 1.0
0 52.017696380615234 121.48980712890625 0.3446515779981613 0.886695360173977 1.0 1.0
0 111.98101043701172 94.73963928222656 0.35166209934046055 0.11308341423672422 1.0 1.0
0 108.50421905517578 196.472412109375 0.8430949126198117 0.8896897151061106 1.0 1.0
