0 18.62309455871582 151.5539321899414 0.4779982414998133 0.1039321982463755 1.0 1.0
0 123.88445281982422 158.0564193725586 0.4295648236801193 0.10974234846730956 1.0 1.0
0 65.82493591308594 124.71514892578125 0.46639521530135264 0.11322688330887773 1.0 1.0
0 33.83934783935547 73.2852783203125 0.3249212257209436 0.11125482840302933 1.0 1.0
0 146.72779846191406 160.2013168334961 0.45509956178320266 0.8974085704964508 1.0 1.0
0 75.03032684326172 164.8780288696289 0.3091107948993871 0.11285012153652335 1.0 1.0
0 46.0478401184082 204.87624740600586 0.11694950716126393 0.8964704840629286 1.0 1.0
0 108.41959381103516 152.97146606445312 0.4091038536564844 0.11305468949671478 1.0 1.0
0 170.47332763671875 205.1461944580078 0.1203461640300608 0.11191234699849184 1.0 1.0
0 40.1038818359375 131.30577087402344 0.4668015963787704 0.11315622689918871 1.0 1.0
