0 103.14775848388672 76.46041870117188 0.7884192596975083 0.113487226404104 1.0 1.0
0 122.20868682861328 51.923004150390625 0.8650343567748362 0.8938959510079486 0.8653846153846154 1.0
0 136.29226684570312 188.6890106201172 0.14364432064120297 0.8681264668921909 0.65 0.7092511013215859
0 46.16606903076172 154.44422149658203 0.8453353512713594 0.10348003501108413 1.0 1.0
0 50.24674987792969 197.71736907958984 0.17716914684460117 0.11309789328912727 1.0 1.0
0 190.50645446777344 50.57682800292969 0.11332609370384693 0.11236659821561738 0.9595959595959596 1.0
0 140.34275817871094 179.7862548828125 0.36456507850869246 0.890808696016729 1.0 0.8408163265306122
0 44.17467498779297 115.95333862304688 0.6019346042833811 0.11299493577648839 1.0 1.0
0 161.59495544433594 188.31314086914062 0.28849898394248197 0.11159474984254794 1.0 0.8725868725868726
0 105.22622680664062 121.15388488769531 0.3463883969510766 0.11198710721350717 1.0 1.0
