0 64.714111328125 98.14018249511719 0.7773253552945114 0.8512549130593792 0.75 0.9311740890688259
0 93.47651672363281 92.32185363769531 0.6024792061275717 0.11185706471152874 1.0 0.8838174273858921
0 206.5077667236328 134.92141723632812 0.2655503679539396 0.8868170286103921 1.0 1.0
0 107.82994842529297 148.91259002685547 0.3198725168466499 0.8883361233945956 1.0 1.0
0 43.34205627441406 106.33207702636719 0.8181960385666097 0.11319091572243592 0.9479166666666666 0.9871794871794872
0 144.52212524414062 119.76396179199219 0.4301713748348127 0.1131403173016095 1.0 1.0
0 229.0161590576172 76.16639709472656 0.5865960110240571 0.10298840270686314 1.0 1.0
0 135.9985809326172 78.19351196289062 0.21328504704968868 0.11181718538788063 1.0 1.0
0 121.3204574584961 205.33890533447266 0.880805153526459 0.1129521413520578 1.0 1.0
0 174.6972198486328 199.64619064331055 0.8380636928243428 0.11308749812066546 1.0 1.0
