0 137.88235473632812 148.7501449584961 0.5835236401534039 0.1130800560603823 1.0 1.0
0 165.66111755371094 120.27061462402344 0.5598670441957242 0.11475547490193966 1.0 1.0
0 138.58941650390625 77.33982849121094 0.5805152524718064 0.8961776096139779 1.0 1.0
0 122.90474700927734 206.20412063598633 0.8958377353382188 0.1130576321698822 1.0 1.0
0 229.20274353027344 178.10232543945312 0.5945297988875943 0.10910704411348512 1.0 1.0
0 155.98318481445312 148.16004943847656 0.6130848506632006 0.11315683877030186 1.0 1.0
0 124.56934356689453 165.61740112304688 0.5478650357861778 0.11156911196858839 1.0 1.0
0 24.481340408325195 176.6896514892578 0.5122515875690028 0.11139201654705858 1.0 1.0
0 205.9659423828125 128.76299285888672 0.8083954836066483 0.1065105960810114 1.0 1.0
0 102.92501068115234 129.2135772705078 0.3029202149996506 0.11283633688668593 1.0 1.0
