0 42.30738830566406 120.01591491699219 0.7456348328056941 0.10847698572439822 1.0 1.0
0 125.75253295898438 170.19979095458984 0.6543701871307113 0.11307498559356095 1.0 1.0
0 145.32899475097656 107.97935485839844 0.24063345840677916 0.8868465957403991 1.0 1.0
0 150.8163299560547 127.03132629394531 0.23081898554437813 0.11309504453106094 1.0 1.0
0 41.174644470214844 141.55004119873047 0.7725608430024828 0.11245410242525909 1.0 1.0
0 68.14307403564453 175.33131408691406 0.1506849669122915 0.10142017138299353 1.0 1.0
0 194.60110473632812 167.15516662597656 0.4834089655783158 0.11966704211543597 1.0 1.0
0 111.91049194335938 57.53861999511719 0.8185176569964275 0.11183870617559048 1.0 1.0
0 97.46867370605469 199.12018203735352 0.8372323444605971 0.11308887554214808 1.0 1.0
0 165.62818908691406 53.07865905761719 0.8684994933738924 0.11234781140085032 1.0 1.0
