0 86.84064483642578 120.67315673828125 0.3362727350083062 0.11391691170751472 1.0 1.0
0 51.01688766479492 138.68529510498047 0.5377482283947157 0.11157400504021879 1.0 1.0
0 96.82002258300781 135.86293029785156 0.33741069714245475 0.1131420997912554 1.0 1.0
0 170.8910369873047 113.97406005859375 0.579321426474077 0.8870566738917902 1.0 1.0
0 170.79782104492188 171.27849578857422 0.7918695671969667 0.11228469001790817 1.0 1.0
0 205.8675537109375 157.94435119628906 0.5982594160947806 0.11315772005443227 1.0 1.0
0 34.762176513671875 140.19589233398438 0.533977621958141 0.10138674089628677 1.0 1.0
0 208.66123962402344 111.16732788085938 0.8211160430950782 0.8979684513005687 1.0 1.0
0 51.45574188232422 49.43309020996094 0.1142933499945209 0.8873071022724396 1.0 1.0
0 57.428184509277344 65.60420227050781 0.895319922601355 0.11310449106213802 1.0 1.0
