0 64.99580383300781 86.77580261230469 0.820610389012624 0.11305913291422483 1.0 1.0
0 69.80408477783203 52.93690490722656 0.8687077046069104 0.11314398283646408 1.0 1.0
0 193.5894775390625 175.39991760253906 0.7847836410714996 0.11276913161980255 1.0 1.0
0 29.217695236206055 190.83180236816406 0.3347100555228299 0.33514541987489466 1.0 1.0
0 200.06153869628906 87.68614196777344 0.8238176105847906 0.5099285339848943 1.0 1.0
0 135.5470733642578 147.6524200439453 0.8251736459862086 0.8868722165388858 1.0 1.0
0 113.37679290771484 179.2888641357422 0.83823258063522 0.10592935836629193 1.0 1.0
0 62.0889778137207 139.68328857421875 0.26225622843003504 0.11258502292208747 1.0 1.0
0 116.96508026123047 199.34955596923828 0.8783944097997816 0.11328672335510612 1.0 1.0
0 110.48907470703125 82.50154113769531 0.8490816601966983 0.11312318680771616 1.0 1.0
