0 91.9622573852539 116.65548706054688 0.4810619992482823 0.11669911432356603 1.0 1.0
0 88.93026733398438 189.43333435058594 0.12803040005389194 0.11305538674519255 1.0 1.0
0 184.97732543945312 72.03704833984375 0.3964326992030509 0.8868836305438987 1.0 1.0
0 236.99354553222656 89.61466979980469 0.4737698383448381 0.11273755907036416 1.0 1.0
0 61.91908264160156 103.23902893066406 0.36721439454598515 0.1120474101947793 1.0 1.0
0 131.00836181640625 154.85092163085938 0.7823787011083417 0.10994696860255714 1.0 1.0
0 154.5574951171875 144.69728088378906 0.7057950912030876 0.1130352946053841 1.0 1.0
0 79.03717041015625 59.17820739746094 0.12265096393361237 0.10256182608816215 1.0 1.0
0 89.09318542480469 206.02394485473633 0.1131688655950654 0.1130610785695009 1.0 1.0
0 36.698856353759766 160.36764526367188 0.6519012862405259 0.8922462700906444 1.0 1.0
