0 208.86802673339844 185.49349975585938 0.8612382894161247 0.112882658850182 1.0 1.0
0 235.5419158935547 119.61167907714844 0.507752518690149 0.100592455292504 1.0 1.0
0 64.14149475097656 124.94264221191406 0.8865603349231849 0.1130389459106779 1.0 1.0
0 71.88955688476562 88.81544494628906 0.17998549996313423 0.11287781700497038 1.0 1.0
0 190.36276245117188 98.10610961914062 0.3949523088241442 0.11316514788515465 1.0 1.0
0 102.39461517333984 206.25379180908203 0.8916921733967711 0.11310524807477103 1.0 1.0
0 170.02835083007812 171.4322738647461 0.49033933085615544 0.11304830801302775 1.0 1.0
0 155.5097198486328 49.31837463378906 0.10897288686590008 0.8944421550697316 1.0 1.0
0 214.14231872558594 150.37303161621094 0.768216773883194 0.8972309122957925 0.9818181818181818 1.0
0 147.77183532714844 179.77395629882812 0.5768451641577862 0.1131032872412968 1.0 1.0
