0 121.13111877441406 191.36042022705078 0.17240657736193654 0.11204256645229291 1.0 1.0
0 48.956573486328125 195.96009826660156 0.1518176784004164 0.11313220360605797 1.0 1.0
0 32.963623046875 154.09355926513672 0.6646886449790386 0.8947051946667238 1.0 1.0
0 39.83918762207031 82.19551086425781 0.7209791329649613 0.8991910808345002 1.0 1.0
0 159.7287139892578 137.42630004882812 0.8578374851046818 0.10603372175953496 1.0 1.0
0 201.97364807128906 167.82538604736328 0.8451174947986827 0.886923640274237 1.0 1.0
0 31.122968673706055 119.65129089355469 0.6371020118018962 0.10958784674237171 1.0 1.0
0 209.26226806640625 205.84989547729492 0.11518182005311878 0.11308403938876076 1.0 1.0
0 83.81259155273438 108.96568298339844 0.5291996769607448 0.8865930757505129 1.0 1.0
0 218.1483612060547 92.47752380371094 0.6705206854819438 0.8889686899809277 1.0 1.0
