0 106.95475769042969 109.97772216796875 2.1281731128692627 0.05181994289159775 0.954954954954955 0.9763779527559056
0 201.1186981201172 103.35389709472656 0.028384985402226448 0.051357220858335495 1.0 1.0
0 149.30178833007812 152.89952087402344 2.1313087940216064 0.051570914685726166 0.981651376146789 0.9919354838709677
0 177.08087158203125 87.58840942382812 0.10286775429780093 0.05145837739109993 1.0 1.0
0 35.680931091308594 147.5430908203125 0.7899989485740662 0.05159284546971321 1.0 1.0
0 144.88157653808594 117.17414855957031 2.1622428615861615 3.1333294474803886 1.0 1.0
0 187.28536987304688 205.25787353515625 0.08245546370744705 3.1034600734710693 1.0 1.0
0 41.458927154541016 200.25516510009766 0.061661358922719955 0.05140604451298714 1.0 1.0
0 210.45042419433594 177.67717742919922 2.77850333054597 3.1048078536987305 1.0 1.0
0 43.33375549316406 106.9779052734375 0.18970322608947754 0.040451161563396454 1.0 1.0
