0 76.87435913085938 126.71763610839844 0.6321195681863507 0.05126088857650757 0.9906542056074766 0.9922779922779923
0 71.74600219726562 92.03385925292969 0.5978137850761414 0.05136112496256828 1.0 1.0
0 87.9095687866211 189.04783630371094 2.5624659061431885 0.05141833797097206 1.0 1.0
0 41.645790100097656 61.423583984375 2.6418071409040174 0.2490607649087906 1.0 0.8755555555555555
0 96.8775634765625 145.59506225585938 1.1171785593032837 0.051473915576934814 0.9886363636363636 1.0
0 197.09869384765625 205.32390213012695 0.0807645171880722 3.1305081844329834 1.0 1.0
0 211.16384887695312 58.93745422363281 2.9666450788551053 3.132685899734497 1.0 1.0
0 33.257957458496094 129.38166046142578 1.5592046101861676 3.118494900065013 1.0 1.0
0 19.689382553100586 90.08700561523438 1.494356393814087 0.05138047784566879 0.5056179775280899 0.9836734693877551
0 91.69654083251953 97.32217407226562 0.6125028729438782 0.0515722781419754 1.0 1.0
