0 199.7692108154297 121.14321899414062 0.8776791922326679 0.11242303739682154 1.0 1.0
0 126.05394744873047 64.97702026367188 0.16474458498750238 0.8871763876299238 1.0 1.0
0 117.82206726074219 131.86305236816406 0.8081563202330416 0.1129104245177955 1.0 1.0
0 53.0549201965332 129.04590606689453 0.5216038387629718 0.11317878929074698 0.9340659340659341 1.0
0 70.42176818847656 146.87002563476562 0.4877744056006078 0.11315542624923601 1.0 1.0
0 51.55083084106445 83.628173828125 0.8816966331062095 0.11306757294103671 1.0 1.0
0 149.93016052246094 206.17676544189453 0.8956842078948254 0.8885855922594807 1.0 1.0
0 111.44877624511719 173.02825164794922 0.7605301326202243 0.8887057428760804 1.0 1.0
0 182.37562561035156 159.03954315185547 0.7807128022863083 0.11314822229693641 1.0 1.0
0 148.0547332763672 160.36941528320312 0.7979048215111469 0.11315771341397057 0.990990990990991 0.9960629921259843
