0 184.26577758789062 173.81307983398438 0.6958692781628472 0.11279971284317389 1.0 1.0
0 190.29063415527344 148.7072296142578 0.628487192354778 0.11271877035832231 1.0 1.0
0 41.303627014160156 121.27644348144531 0.22980783624528128 0.5099326847168208 1.0 1.0
0 173.84657287597656 186.90472412109375 0.7250808436999319 0.11304235436480121 1.0 1.0
0 238.71778869628906 83.14486694335938 0.48659629612179955 0.11309842547470009 1.0 1.0
0 79.44869232177734 191.6323013305664 0.17049305483663207 0.11044297314553392 1.0 1.0
0 158.18307495117188 109.87043762207031 0.5450731964682042 0.8934541572969592 1.0 1.0
0 145.31333923339844 183.3223419189453 0.7100709110491007 0.8869026943607823 1.0 1.0
0 214.51675415039062 97.29487609863281 0.4052070718691806 0.11321581745378492 1.0 1.0
0 123.77237701416016 55.67198181152344 0.8355662341543276 0.11323160562577889 1.0 1.0
