0 109.16758728027344 51.70549011230469 0.867373938911467 0.10963785131619527 1.0 1.0
0 181.15130615234375 164.14273834228516 0.8867710277916011 0.11283964668252124 1.0 1.0
0 82.09012603759766 135.1640396118164 0.1333856307426629 0.113156841616214 1.0 1.0
0 45.163997650146484 163.04975128173828 0.8711828304556144 0.11309383976158234 1.0 1.0
0 235.31378173828125 125.47354125976562 0.49203052414541504 0.11311557304406636 1.0 1.0
0 171.8431854248047 75.34443664550781 0.2557400154670687 0.8870948503494319 1.0 1.0
0 155.80638122558594 199.0890655517578 0.16887967258021705 0.100888555258093 1.0 1.0
0 148.14759826660156 146.28386688232422 0.2069993377930121 0.11300305990705117 1.0 1.0
0 132.5263671875 102.84359741210938 0.7111378017756549 0.8925323658759042 1.0 1.0
0 63.22438430786133 120.60061645507812 0.18089443067621414 0.11343184400494642 1.0 1.0
