0 58.61336898803711 181.484375 2.19886967738206 0.042957697063684464 1.0 1.0
0 195.9811248779297 178.18533325195312 0.20997229416901675 3.1407255230057096 1.0 1.0
0 204.95477294921875 77.91854858398438 1.6968994140625 0.02879561111330986 1.0 1.0
0 148.61553955078125 197.59091567993164 2.989901768165179 3.090148687362671 1.0 1.0
0 157.84129333496094 115.86207580566406 0.37859076261520386 0.042286552488803864 1.0 1.0
0 124.98277282714844 139.91368103027344 2.152836116152354 3.092038869857788 1.0 1.0
0 125.94053649902344 79.44572448730469 1.6378967761993408 0.05136264115571976 1.0 1.0
0 177.74095153808594 137.36913299560547 3.101359361904212 3.0998957139723977 1.0 1.0
0 48.35483169555664 87.41090393066406 1.9822883605957031 0.0505109578371048 1.0 1.0
0 19.398954391479492 113.57366943359375 1.4573261737823486 3.1277684356370052 1.0 1.0
