0 158.04238891601562 98.29385375976562 0.27950224358954306 0.11305088546080204 1.0 1.0
0 209.26913452148438 173.02308654785156 0.8502675409129621 0.11193998554869578 1.0 0.991701244813278
0 210.61993408203125 76.21357727050781 0.7311134944478594 0.8870557926076598 1.0 1.0
0 143.63912963867188 147.24083709716797 0.1141396337413376 0.8919008143006234 1.0 1.0
0 167.3446044921875 123.25808715820312 0.16455904669324856 0.8869431897934613 1.0 1.0
0 34.14630126953125 147.1135025024414 0.32470555870335094 0.11126763405908571 0.9181818181818182 1.0
0 58.54202651977539 182.56678009033203 0.398020247660936 0.11298350754191464 1.0 1.0
0 104.60395812988281 199.87542724609375 0.1514693003019813 0.8872179151800774 1.0 1.0
0 58.91212463378906 95.61906433105469 0.5920329549346044 0.11306677608563355 1.0 1.0
0 143.53614807128906 174.3277816772461 0.8569281288967845 0.10671780504768189 0.9807692307692307 1.0
