0 36.19834899902344 82.91596984863281 0.49231053154498927 0.11292332693486512 1.0 1.0
0 44.13010787963867 145.6971435546875 0.22410801302650932 0.10123791157954128 1.0 1.0
0 172.00123596191406 127.60684204101562 0.7571936155670692 0.8895736289573363 1.0 1.0
0 209.46510314941406 49.117401123046875 0.1078830087582393 0.11097192860806909 1.0 1.0
0 20.1953067779541 104.76362609863281 0.5235190015442153 0.11309947087309806 1.0 1.0
0 90.93771362304688 168.36624145507812 0.5471114382477531 0.11490109643231909 1.0 1.0
0 115.11914825439453 140.59088897705078 0.7473545226567218 0.11300809147973975 1.0 0.8446215139442231
0 56.724517822265625 78.79475402832031 0.5478964020379354 0.11314218516862003 1.0 1.0
0 130.10325622558594 119.27218627929688 0.34686657090577017 0.8390979010957185 0.948051948051948 0.7896995708154506
0 60.42478942871094 180.18492126464844 0.3992848951312593 0.10924654218954617 1.0 1.0
