0 160.33384704589844 171.28768157958984 0.6900071615550275 0.11248814996963423 1.0 1.0
0 54.21393966674805 77.26754760742188 0.7095610521004884 0.11269639579696622 1.0 1.0
0 116.50849914550781 59.506195068359375 0.8003568973686769 0.10768008810686644 1.0 1.0
0 49.84417724609375 133.5732421875 0.1357406420229879 0.1127652535901738 1.0 1.0
0 103.05435180664062 156.976318359375 0.8012217359213838 0.11264108928879943 1.0 1.0
0 145.70126342773438 203.80846786499023 0.8686993907488706 0.1128372267085528 1.0 1.0
0 119.04886627197266 123.51223754882812 0.24227375110325494 0.11193343046436734 1.0 1.0
0 162.34571838378906 141.4918212890625 0.7832785329968964 0.11324448622418866 1.0 1.0
0 73.59847259521484 161.57941436767578 0.801386904568444 0.11235815059970641 1.0 1.0
0 238.7264404296875 182.01486206054688 0.48733547437197644 0.11337881896968989 1.0 1.0
