0 229.7667694091797 202.21571350097656 0.12445628728135906 0.5843356656603594 1.0 1.0
0 191.7227325439453 198.3033561706543 0.18218251328448964 0.11305384995262929 1.0 1.0
0 201.37632751464844 131.08334350585938 0.4756030004052769 0.8881130926102544 1.0 1.0
0 47.4150276184082 153.37213134765625 0.73468762619314 0.11320027972206052 1.0 1.0
0 78.11325073242188 88.00143432617188 0.10133989445489662 0.11314447707654152 1.0 1.0
0 62.33230209350586 104.80070495605469 0.8614278878783852 0.11251454865077633 0.9789473684210527 1.0
0 218.36436462402344 124.37136840820312 0.4613193526305587 0.8969797683744453 1.0 1.0
0 124.40662384033203 126.77998352050781 0.667620958520942 0.10832051178233754 1.0 1.0
0 130.88999938964844 192.55228805541992 0.21772048841660513 0.8878209146364024 1.0 1.0
0 189.3704833984375 180.24400329589844 0.20507997874524775 0.8897574098698845 1.0 1.0
