0 214.80160522460938 180.5231704711914 0.5175321353257548 0.1131614814016627 1.0 1.0
0 40.94655227661133 65.41227722167969 0.14215221648786966 0.8773333873440893 1.0 1.0
0 237.74485778808594 110.90997314453125 0.513721201427219 0.11305167757301829 0.9354838709677419 1.0
0 136.287109375 92.69906616210938 0.6329048150223289 0.11315206522698193 1.0 1.0
0 232.04100036621094 177.28176879882812 0.5452449833149291 0.10232733478462569 1.0 1.0
0 181.21372985839844 165.7376251220703 0.38223546799426245 0.11284438038307101 1.0 1.0
0 197.54640197753906 88.67823791503906 0.8874780694964641 0.8760553432166189 0.9509803921568627 1.0
0 124.50200653076172 138.02965545654297 0.4476274036383695 0.11192322597201985 1.0 1.0
0 126.07257843017578 199.99975967407227 0.8571849819550723 0.10026206386415233 1.0 1.0
0 89.16926574707031 109.26290893554688 0.8297079652197404 0.11372541217593526 1.0 1.0
