0 236.77847290039062 100.65914916992188 0.5187939677455894 0.10618254541540653 1.0 1.0
0 41.286827087402344 132.9661102294922 0.8933814518305192 0.11305431478494782 1.0 1.0
0 77.45104217529297 149.9422607421875 0.8803189991288162 0.11311821405054544 1.0 1.0
0 73.45701599121094 102.51324462890625 0.10298091226607337 0.11314089027858988 1.0 1.0
0 142.22674560546875 172.83161163330078 0.82025606915488 0.11277647407316031 1.0 1.0
0 39.02085494995117 87.83335876464844 0.26864954352253556 0.8418007321704274 0.7108433734939759 0.9153225806451613
0 47.81313705444336 49.3902587890625 0.11305314416641507 0.8872985417686798 0.9893617021276596 0.9959677419354839
0 42.271671295166016 205.58003616333008 0.10921340913160991 0.11156006007066335 1.0 1.0
0 74.57703399658203 63.41630554199219 0.1091394249019753 0.8869645606964643 1.0 0.9116465863453815
0 150.0777587890625 95.52130126953125 0.41231261581576373 0.8917948833150525 1.0 1.0
