0 131.35415649414062 50.072967529296875 0.117849813368511 0.1131604692055732 1.0 1.0
0 48.823158264160156 99.69679260253906 0.51810138656375 0.11244289996638289 1.0 1.0
0 102.07315063476562 187.93479919433594 0.25352095581289236 0.11325626260868263 1.0 1.0
0 83.50579833984375 174.6930389404297 0.2397014492434037 0.8953613922846281 1.0 1.0
0 199.66397094726562 160.6833267211914 0.4063387198728965 0.8932846263099352 1.0 0.714859437751004
0 134.1758575439453 205.69622421264648 0.10866181114860785 0.11050122517278028 1.0 1.0
0 184.4279327392578 160.01956176757812 0.6636856160159549 0.19386937676573163 0.8571428571428571 0.7389380530973452
0 107.49317932128906 117.14111328125 0.8605552244592598 0.11309337303198905 1.0 1.0
0 162.86244201660156 121.97348022460938 0.22526388644501966 0.11315072195644515 1.0 1.0
0 105.52677917480469 99.5380859375 0.8334295379819044 0.1130588369393608 1.0 1.0
