0 28.845108032226562 157.4807586669922 0.894256432739825 0.476494575859304 1.0 1.0
0 202.6616973876953 88.1890869140625 0.4940459075585416 0.8867213315249276 1.0 1.0
0 165.6576385498047 76.20852661132812 0.36509797695156687 0.11223878545486136 0.9797979797979798 1.0
0 119.83193969726562 77.524169921875 0.6644808250898923 0.11316810289060807 1.0 1.0
0 165.63320922851562 127.76603698730469 0.30651670423081434 0.11231053848936712 1.0 0.9883720930232558
0 81.0978775024414 146.69120025634766 0.4201096865646835 0.8894386482925012 1.0 0.8215767634854771
0 145.90261840820312 195.7984161376953 0.1931383340297661 0.8883411018435906 1.0 1.0
0 48.525638580322266 162.50782775878906 0.5526942608313118 0.1131601466688624 1.0 0.9868995633187773
0 61.517059326171875 138.20931243896484 0.5143663881800484 0.1308914657416475 0.6341463414634146 0.9382716049382716
0 136.28012084960938 117.94380187988281 0.16890348717312317 0.8631329459463908 0.8888888888888888 0.9957627118644068
