0 106.80696105957031 97.70112609863281 0.7652718391642549 0.11305320582784507 0.9279279279279279 1.0
0 54.73778533935547 186.0284194946289 0.20565089907977097 0.11316419640185778 1.0 1.0
0 68.0320053100586 75.21710205078125 0.36488405542676206 0.1132147198803308 1.0 1.0
0 64.99456787109375 156.99305725097656 0.2691736244428198 0.11311783649286632 1.0 1.0
0 217.5770721435547 66.87899780273438 0.749287132271476 0.8872395085694975 1.0 1.0
0 48.99822998046875 137.53628540039062 0.35335248009084974 0.112150850563847 1.0 1.0
0 29.152427673339844 119.73860168457031 0.390107154765315 0.11292461518443359 1.0 1.0
0 71.57354736328125 206.0443115234375 0.11505095932044564 0.8869383934828442 1.0 1.0
0 90.24254608154297 123.50547790527344 0.6401684024624761 0.11305436980591613 1.0 1.0
0 28.060901641845703 86.2225341796875 0.3908955407339124 0.8975415594970966 1.0 1.0
