0 17.30548667907715 88.72569274902344 1.569840908050537 0.05129901319742203 1.0 1.0
0 217.14804077148438 79.85990905761719 1.1708861907296857 0.05161811038851738 1.0 1.0
0 93.28729248046875 130.31958770751953 1.5162352323532104 3.1254220457100352 1.0 1.0
0 151.07199096679688 144.67172241210938 2.4880571365356445 0.050071150064468384 1.0 1.0
0 109.97199249267578 141.71126556396484 1.5102850516610822 0.05133318528532982 1.0 1.0
0 55.91329574584961 149.9336395263672 0.9380402565002441 0.05147269740700722 1.0 1.0
0 132.266845703125 187.43892669677734 2.9510972817712506 1.5711660385131836 1.0 1.0
0 146.7346954345703 166.65331268310547 2.288191318511963 0.05037381127476692 1.0 1.0
0 221.48342895507812 169.61679077148438 1.6560750325494489 0.051469605416059494 1.0 1.0
0 149.01353454589844 123.50932312011719 2.4950366020202637 0.05128263309597969 1.0 1.0
