0 87.31771850585938 115.14729309082031 0.7797688841819763 0.051369257271289825 1.0 1.0
0 35.787841796875 92.59370422363281 2.3309668620401105 0.03630649298429489 1.0 1.0
0 222.42535400390625 149.5964584350586 1.003820538520813 0.05164066329598427 1.0 1.0
0 65.31507110595703 62.33589172363281 2.837134452658244 0.05261870101094246 1.0 1.0
0 159.1992645263672 178.4090118408203 2.747738303738185 0.05168250575661659 1.0 1.0
0 176.79653930664062 150.11328125 0.14283290703827944 0.05161187797784805 1.0 1.0
0 189.17262268066406 115.59878540039062 2.5181844234466553 0.04903128743171692 1.0 1.0
0 220.28395080566406 87.82925415039062 2.359891176223755 0.04038438946008682 1.0 1.0
0 122.5018539428711 138.54434204101562 3.100194215774536 0.031001176685094833 1.0 1.0
0 61.51366424560547 193.9786834716797 0.2119060605764389 0.051399074494838715 1.0 1.0
