0 74.7481918334961 204.85947799682617 0.06850591500336733 0.051402755081653595 1.0 1.0
0 127.42435455322266 103.45675659179688 0.19966069062287417 3.122908232855149 1.0 1.0
0 159.8751983642578 200.48604583740234 3.1210258548432073 0.051583051681518555 1.0 1.0
0 213.82081604003906 93.63082885742188 0.14690295060212222 3.1095938255363187 1.0 1.0
0 116.96963500976562 150.33516693115234 2.923449754714966 0.051507849246263504 1.0 1.0
0 101.56764221191406 52.39057922363281 3.0532121658325195 0.05139882490038872 1.0 1.0
0 167.61474609375 137.2842025756836 0.06169715722138491 0.05130850523710251 1.0 1.0
0 195.7906036376953 76.77301025390625 3.127548058638819 0.05158311128616333 1.0 1.0
0 217.2199249267578 169.2647247314453 0.5666469931602478 3.0923709869384766 1.0 1.0
0 102.58173370361328 69.38372802734375 3.085272831963845 0.05134129896759987 1.0 1.0
