0 144.8922576904297 103.69154357910156 0.4930646754985477 0.11155389867084957 1.0 1.0
0 125.61798095703125 128.55438232421875 0.5946903316056559 0.11287478990307573 1.0 1.0
0 116.77114868164062 149.25257873535156 0.5860523805845487 0.11301611505473974 1.0 1.0
0 70.53158569335938 143.89800262451172 0.4103067946674752 0.11247452374224005 1.0 0.9833333333333333
0 39.47472381591797 133.97711944580078 0.4217421928455055 0.11307565153700502 1.0 1.0
0 74.9654769897461 175.99771118164062 0.41286143719904156 0.11291916905720788 1.0 1.0
0 141.69212341308594 183.37342834472656 0.3902730524711556 0.10960884577951996 1.0 1.0
0 182.13084411621094 147.80934143066406 0.330171349284762 0.11355447296766401 1.0 1.0
0 211.4560546875 115.26042175292969 0.6588590026314418 0.11258199297428066 1.0 1.0
0 100.3510971069336 151.19568634033203 0.5653676920144687 0.11266659625079989 1.0 1.0
