0 72.25518035888672 130.62067413330078 0.625060926615929 0.8490671769063773 0.6973684210526315 0.9722222222222222
0 89.2608413696289 100.19122314453125 0.8957385913478664 0.11307248972860173 0.9157894736842105 0.9163179916317992
0 187.57476806640625 115.79939270019531 0.10179810851706757 0.11325575413904442 1.0 1.0
0 157.64816284179688 170.66868591308594 0.1836774448824985 0.11041870794987006 1.0 1.0
0 106.0545654296875 181.7721176147461 0.33216927068617963 0.8881502815363785 1.0 1.0
0 52.84238052368164 162.68822479248047 0.4618198304421728 0.11315078077196301 0.9183673469387755 1.0
0 97.31391906738281 164.8056640625 0.3296989966743302 0.1131141738039239 1.0 1.0
0 224.30975341796875 130.25012969970703 0.3790112625236288 0.11307134567191576 1.0 1.0
0 149.98944091796875 131.1148910522461 0.8088510496351891 0.11304327074851486 1.0 1.0
0 183.3614044189453 92.41282653808594 0.12982573804452704 0.8868448957822058 1.0 1.0
