0 188.70404052734375 113.88130187988281 0.2619350729352611 0.10437091268041404 1.0 1.0
0 62.17925262451172 75.8443603515625 0.875792071172517 0.11300019976533623 1.0 1.0
0 118.92913055419922 94.00498962402344 0.6677246488869111 0.11300989104485858 1.0 1.0
0 126.21820831298828 131.66178131103516 0.7283605639355886 0.8309148141114873 0.4473684210526316 0.8122448979591836
0 149.75247192382812 149.58795928955078 0.4712938188797178 0.11190132952390565 1.0 0.9153225806451613
0 180.9340057373047 174.98106384277344 0.2980398859718649 0.11233505222802577 1.0 1.0
0 64.491943359375 133.14259338378906 0.20794210172031896 0.8905370290370412 1.0 1.0
0 164.93582153320312 52.617889404296875 0.14052024194925222 0.11302447349873655 1.0 1.0
0 194.02261352539062 188.20484161376953 0.2550340774708525 0.8892828179699557 1.0 1.0
0 81.72897338867188 149.11223602294922 0.16731056563309094 0.11203809931884824 1.0 1.0
