0 90.12255096435547 105.37289428710938 0.756469509267661 0.8866996100694605 0.9905660377358491 0.9836734693877551
0 147.9099578857422 203.54616165161133 0.8897660192594198 0.8885553720235847 1.0 1.0
0 196.4088897705078 70.2294921875 0.1513880286399572 0.8868665095363792 1.0 1.0
0 122.59410858154297 169.91290283203125 0.7457686063604074 0.10159228986611367 1.0 1.0
0 29.587190628051758 102.08187866210938 0.39542536064222933 0.888608793589268 1.0 1.0
0 134.89178466796875 87.93075561523438 0.3060480166499681 0.11290647344308812 0.918918918918919 1.0
0 25.873523712158203 152.9411849975586 0.4212725571325435 0.8980111755567832 1.0 1.0
0 85.97681427001953 168.07132720947266 0.5082604500075957 0.11314894231271141 1.0 1.0
0 166.4647979736328 96.68905639648438 0.17896287594623178 0.89470092674713 1.0 1.0
0 175.88497924804688 133.0760955810547 0.7725798380122055 0.11309111906956296 1.0 1.0
