0 17.2874755859375 119.55070495605469 1.598041447001048 0.040968358516693115 1.0 1.0
0 44.79351806640625 133.56807708740234 1.224576711654663 0.051643550395965576 0.9711538461538461 0.9835390946502057
0 88.83393096923828 160.90335845947266 1.4182988405227661 0.010892659425735474 1.0 1.0
0 238.27940368652344 162.78206634521484 1.5195898135476789 0.049473363906145096 1.0 1.0
0 180.28256225585938 65.49087524414062 0.134704127907753 0.03431989252567291 1.0 1.0
0 43.03355407714844 76.57879638671875 1.1428158283233643 0.050844863057136536 1.0 1.0
0 46.1514778137207 172.0915985107422 0.116398962336131 0.051432300359010696 1.0 1.0
0 83.77980041503906 84.7010498046875 0.9823023676872253 0.04375765100121498 0.83 1.0
0 131.76942443847656 111.35479736328125 1.2725977897644043 3.0943856239318848 1.0 1.0
0 155.07562255859375 193.68524551391602 0.18014901876449585 3.0923664569854736 1.0 1.0
