0 100.79515838623047 131.9262924194336 0.8189277946778887 0.11276905762608654 1.0 1.0
0 91.400390625 206.21997833251953 0.10294266178376521 0.8871007394903163 0.963302752293578 1.0
0 176.80397033691406 182.16545867919922 0.48924473991796735 0.8881916720393805 0.9166666666666666 0.615686274509804
0 19.843997955322266 105.46209716796875 0.5305315415868691 0.11317430792774155 1.0 1.0
0 158.20826721191406 201.47501754760742 0.8482924546054005 0.16946838176297863 0.9651162790697675 0.6457399103139013
0 91.99673461914062 49.252685546875 0.8896449399268206 0.11307902868609464 1.0 1.0
0 214.36184692382812 114.67835998535156 0.7838860171055072 0.10416173244525809 1.0 1.0
0 60.92222213745117 159.05913543701172 0.8828898733513041 0.1113417017688102 1.0 1.0
0 130.12759399414062 124.56452941894531 0.8225969798891185 0.11314634589218943 1.0 1.0
0 87.3270034790039 68.32112121582031 0.8394964388392392 0.11200005801108343 0.9907407407407407 0.9869565217391304
