0 17.406288146972656 145.40262603759766 0.4910801179953369 0.11083596325762876 1.0 1.0
0 202.87277221679688 109.76376342773438 0.6191323608671225 0.8963006115973966 1.0 1.0
0 115.01378631591797 101.628662109375 0.8343576094133968 0.11317858059052235 1.0 1.0
0 208.0300750732422 199.37148666381836 0.16438225154640138 0.102916316463476 1.0 1.0
0 62.10609817504883 131.16818237304688 0.8210776650210417 0.8874784944860125 1.0 1.0
0 78.97601318359375 178.7324981689453 0.6089047141783601 0.11186248851482551 1.0 1.0
0 89.24591064453125 121.22254943847656 0.7813215087451398 0.11016715303137588 1.0 1.0
0 131.991943359375 49.0302734375 0.8882809354661018 0.8865049435429226 1.0 1.0
0 177.18911743164062 186.09083557128906 0.28390436931677704 0.11368483610907847 1.0 1.0
0 34.06233215332031 180.9665756225586 0.35075297889990376 0.10569349628173454 1.0 1.0
