0 174.80104064941406 155.4265365600586 2.490043671923228 0.04095739126205444 1.0 1.0
0 171.0328369140625 89.03062438964844 1.286561369895935 0.05132141336798668 1.0 1.0
0 38.14185333251953 77.39750671386719 1.965178370475769 3.1324020057269415 0.9910714285714286 0.99609375
0 32.277103424072266 101.07830810546875 2.1011464595794678 0.19914467632770538 0.8648648648648649 0.9188034188034188
0 44.913055419921875 137.22695922851562 2.481193395453044 0.006885684560984373 1.0 0.9212598425196851
0 91.73674774169922 70.19161987304688 0.9077246189117432 3.091728687286377 1.0 1.0
0 79.9042739868164 167.43748474121094 1.0139354467391968 3.131762742996216 1.0 1.0
0 218.753662109375 76.13882446289062 2.4415781497955322 0.04730110242962837 1.0 1.0
0 126.15411376953125 204.86165618896484 3.078112745779105 3.0921012741797647 1.0 1.0
0 128.09478759765625 154.47583770751953 2.2972237785630902 0.036944013088941574 1.0 1.0
