0 86.6480712890625 73.57196044921875 0.45291576108334175 0.8920391242393104 0.9541284403669725 1.0
0 102.09213256835938 206.08545303344727 0.8853090846152778 0.1114457122689461 1.0 1.0
0 119.32036590576172 146.03805541992188 0.20408617154808184 0.10808114021377536 1.0 1.0
0 209.7319793701172 82.12522888183594 0.8133718228321362 0.11313888011597165 1.0 1.0
0 180.12001037597656 52.5745849609375 0.8596717058444419 0.11337842907972477 1.0 1.0
0 64.00647735595703 177.00357818603516 0.48040268058243196 0.8865650103134859 1.0 1.0
0 210.0598602294922 150.2066421508789 0.45858195649883093 0.8937914590743399 1.0 1.0
0 30.187719345092773 74.341796875 0.4833634390782172 0.11315781112362121 1.0 1.0
0 70.09663391113281 73.22776794433594 0.48093863085367383 0.11193848006116622 1.0 1.0
0 181.2976531982422 146.2840805053711 0.5477617410638991 0.11281521642395244 1.0 1.0
