0 64.81550598144531 177.2700653076172 0.2868804871385576 0.1131221527929668 1.0 1.0
0 80.48152160644531 75.73881530761719 0.22802638630595856 0.10940123224995527 1.0 0.9961538461538462
0 152.52456665039062 62.45646667480469 0.21741350176980934 0.10316782442441964 1.0 1.0
0 35.413516998291016 181.03013610839844 0.3496440597426568 0.11102082422478993 1.0 1.0
0 30.546598434448242 76.79496765136719 0.6170085666684005 0.10013378873291148 1.0 1.0
0 183.51217651367188 132.61602783203125 0.5451857195349615 0.11013437760973367 1.0 1.0
0 140.01409912109375 151.37645721435547 0.4087016314053614 0.8842360125675248 1.0 1.0
0 101.90044403076172 145.53815460205078 0.686775844593289 0.11193824385045742 1.0 1.0
0 237.74940490722656 160.35790252685547 0.5002447828488392 0.11304647239968829 1.0 1.0
0 71.79473114013672 49.103973388671875 0.8974902533927812 0.8868967445071052 1.0 1.0
