0 45.86713409423828 114.54280090332031 0.21232155830333854 0.11307217383235263 1.0 1.0
0 145.50404357910156 135.27635955810547 0.4178406977224053 0.1130569851991858 1.0 1.0
0 37.532222747802734 70.10464477539062 0.6914186813650723 0.11313183268884053 1.0 1.0
0 62.12228775024414 160.4617919921875 0.34033237886181944 0.11121293942203207 1.0 1.0
0 113.04793548583984 104.16348266601562 0.39565333717852613 0.11309048822570211 1.0 1.0
0 238.7226104736328 81.06980895996094 0.503307158370738 0.113124463673636 1.0 1.0
0 94.435546875 69.5396728515625 0.16572336627376338 0.11264869736062491 1.0 1.0
0 29.533109664916992 178.74920654296875 0.3914633955776772 0.11273143846195792 1.0 1.0
0 53.50306701660156 130.74042510986328 0.22252863043923188 0.11297001032920477 1.0 1.0
0 105.43659210205078 159.24445343017578 0.2803527539231912 0.886942764803913 1.0 1.0
