0 126.52165222167969 165.65363311767578 0.6116970777511597 0.051221854984760284 1.0 0.875968992248062
0 63.64412307739258 122.13383483886719 1.3687899112701416 0.0514695942401886 1.0 1.0
0 210.40985107421875 147.88184356689453 0.49386027455329895 0.05145031586289406 0.8888888888888888 1.0
0 52.34918212890625 93.24726867675781 1.443905385332652 0.05225316807627678 1.0 1.0
0 58.61393356323242 165.04473876953125 0.4714626669883728 2.924676688509532 0.5 0.991701244813278
0 193.65748596191406 65.9833984375 2.848779710131236 0.05162955820560455 1.0 1.0
0 39.9508171081543 152.50313568115234 1.8803298473358154 1.597535641985484 1.0 1.0
0 175.7111053466797 167.12410736083984 2.003111036615916 0.04807198420166969 1.0 0.9914163090128756
0 86.94062805175781 133.2201385498047 1.74013605912263 3.1204573792689523 1.0 0.9621848739495799
0 165.85519409179688 184.19672393798828 2.1147572120004376 0.22732582886750308 0.7058823529411765 1.0
