0 144.33010864257812 182.38404846191406 0.3430098130164645 0.10066701255840883 1.0 1.0
0 185.59056091308594 117.38972473144531 0.5798758637906724 0.11072771804020744 1.0 1.0
0 119.2013168334961 54.49659729003906 0.8473718665308679 0.11130431312356608 1.0 1.0
0 45.04054641723633 206.32207489013672 0.8877905302862388 0.1080199512051859 1.0 1.0
0 36.76296615600586 82.013916015625 0.7177367055621728 0.8939912957055751 1.0 1.0
0 238.7724151611328 174.8951873779297 0.5076632789793624 0.11315482576177147 1.0 1.0
0 211.318115234375 79.30307006835938 0.3429083012271999 0.8948316432869206 1.0 1.0
0 176.48812866210938 192.11232376098633 0.223966514779473 0.11344108563034841 1.0 1.0
0 163.71681213378906 103.87474060058594 0.5348957511645723 0.11312718816020492 1.0 1.0
0 38.41442108154297 172.4442901611328 0.6935050683891707 0.1127129903107372 1.0 1.0
